299,1.01,"Fair","E","SI2",67.4,60,2797,6.19,6.05,4.13
300,0.8,"Very Good","H","VS2",63.4,60,2797,5.92,5.82,3.72
301,0.77,"Ideal","I","VS1",61.5,59,2798,5.87,5.91,3.62
302,0.83,"Very Good","E","SI2",58,62,2799,6.19,6.25,3.61
303,0.82,"Ideal","F","SI2",62.4,54,2799,5.97,6.02,3.74
304,0.78,"Ideal","D","SI1",61.9,57,2799,5.91,5.86,3.64
305,0.6,"Very Good","G","IF",61.6,56,2800,5.43,5.46,3.35
306,0.9,"Good","I","SI2",62.2,59,2800,6.07,6.11,3.79
307,0.7,"Premium","E","VS1",62.2,58,2800,5.6,5.66,3.5
308,0.9,"Very Good","I","SI2",61.3,56,2800,6.17,6.23,3.8
309,0.83,"Ideal","G","SI1",62.3,57,2800,5.99,6.08,3.76
310,0.83,"Ideal","G","SI1",61.8,57,2800,6.03,6.07,3.74
311,0.83,"Very Good","H","SI1",62.5,59,2800,5.95,6.02,3.74
312,0.74,"Premium","G","VS1",62.9,60,2800,5.74,5.68,3.59
313,0.79,"Ideal","I","VS1",61.8,59,2800,5.92,5.95,3.67
314,0.61,"Ideal","G","IF",62.3,56,2800,5.43,5.45,3.39
315,0.76,"Fair","G","VS1",59,70,2800,5.89,5.8,3.46
316,0.96,"Ideal","F","I1",60.7,55,2801,6.37,6.41,3.88
317,0.73,"Ideal","F","VS2",62.5,55,2801,5.8,5.76,3.61
318,0.73,"Premium","F","VS2",62.7,58,2801,5.76,5.7,3.59
319,0.75,"Ideal","H","SI1",60.4,57,2801,5.93,5.96,3.59
320,0.71,"Premium","F","VS2",62.1,58,2801,5.7,5.67,3.53
321,0.71,"Good","F","VS2",57.8,60,2801,5.9,5.87,3.4
322,0.71,"Good","F","VS2",63.8,58,2801,5.64,5.61,3.59
323,0.71,"Premium","F","VS2",62.8,57,2801,5.69,5.64,3.56
324,1.04,"Premium","G","I1",62.2,58,2801,6.46,6.41,4
325,1,"Premium","J","SI2",62.3,58,2801,6.45,6.34,3.98
326,0.87,"Very Good","G","SI2",59.9,58,2802,6.19,6.23,3.72
327,0.53,"Ideal","F","IF",61.9,54,2802,5.22,5.25,3.24
328,0.72,"Premium","E","VS2",63,55,2802,5.79,5.61,3.59
329,0.72,"Premium","F","VS1",62.4,58,2802,5.83,5.7,3.6
330,0.7,"Very Good","F","VS2",62.9,58,2803,5.63,5.65,3.55
331,0.74,"Very Good","E","SI1",63.5,56,2803,5.74,5.79,3.66
332,0.71,"Ideal","G","VS2",61.3,56,2803,5.75,5.71,3.51
333,0.73,"Ideal","E","SI1",60.6,54,2803,5.84,5.89,3.55
334,0.7,"Good","G","VS1",65.1,58,2803,5.56,5.59,3.63
335,0.71,"Premium","F","VS2",62.6,58,2803,5.7,5.67,3.56
336,0.71,"Premium","F","VS2",58,62,2803,5.85,5.81,3.38
337,0.71,"Premium","G","VS1",62.4,61,2803,5.7,5.65,3.54
338,0.77,"Premium","G","VS2",61.3,57,2803,5.93,5.88,3.62
339,0.71,"Premium","G","VS2",59.9,60,2803,5.81,5.77,3.47
340,0.78,"Premium","G","VS2",60.8,58,2803,6.03,5.95,3.64
341,0.71,"Very Good","G","VS1",63.5,55,2803,5.66,5.64,3.59
342,0.91,"Ideal","D","SI2",62.2,57,2803,6.21,6.15,3.85
343,0.71,"Very Good","E","VS2",63.8,58,2804,5.62,5.66,3.6
344,0.71,"Very Good","E","VS2",64,57,2804,5.66,5.68,3.63
345,0.8,"Very Good","E","SI2",62.5,56,2804,5.88,5.96,3.7
346,0.7,"Very Good","D","SI1",62.3,58,2804,5.69,5.73,3.56
347,0.72,"Ideal","F","VS1",61.7,57,2804,5.74,5.77,3.55
348,0.72,"Very Good","F","VS1",62.2,58,2804,5.75,5.7,3.56
349,0.82,"Ideal","H","VS2",61.5,56,2804,6.01,6.08,3.72
350,0.7,"Ideal","D","SI1",61,59,2804,5.68,5.7,3.47
351,0.72,"Ideal","D","SI1",62.2,56,2804,5.74,5.77,3.58
352,0.72,"Ideal","D","SI1",61.5,54,2804,5.77,5.8,3.56
353,0.9,"Fair","I","SI1",67.3,59,2804,5.93,5.84,3.96
354,0.74,"Premium","F","VS2",61.7,58,2805,5.85,5.78,3.59
355,0.74,"Premium","F","VS2",61.9,56,2805,5.8,5.77,3.58
356,0.73,"Ideal","E","SI2",61.8,58,2805,5.77,5.81,3.58
357,0.57,"Fair","E","VVS1",58.7,66,2805,5.34,5.43,3.16
358,0.73,"Premium","F","VS2",62.5,57,2805,5.75,5.7,3.58
359,0.72,"Ideal","G","VS2",62.8,56,2805,5.74,5.7,3.59
360,0.74,"Fair","F","VS2",61.1,68,2805,5.82,5.75,3.53
361,0.82,"Good","G","VS2",64,57,2805,5.92,5.89,3.78
362,0.81,"Very Good","G","SI1",62.5,60,2806,5.89,5.94,3.69
363,0.75,"Very Good","H","VVS1",60.6,58,2806,5.85,5.9,3.56
364,0.7,"Ideal","F","SI1",61.6,55,2806,5.72,5.74,3.53
365,0.71,"Very Good","F","VS1",62.2,58,2807,5.66,5.72,3.54
366,0.71,"Very Good","F","VS1",60,57,2807,5.84,5.9,3.52
367,0.93,"Premium","J","SI2",61.9,57,2807,6.21,6.19,3.84
368,0.8,"Very Good","H","VS2",62.8,57,2808,5.87,5.91,3.7
369,0.7,"Very Good","F","VS1",62,57,2808,5.64,5.71,3.52
370,1,"Fair","G","I1",66.4,59,2808,6.16,6.09,4.07
371,0.75,"Very Good","G","VS2",63.4,56,2808,5.78,5.74,3.65
372,0.58,"Ideal","E","VVS2",60.9,56,2808,5.41,5.43,3.3
373,0.73,"Very Good","D","SI1",63.1,57,2808,5.74,5.7,3.61
374,0.81,"Very Good","F","SI1",63.1,59,2809,5.85,5.79,3.67
375,0.81,"Premium","D","SI2",59.2,57,2809,6.15,6.05,3.61
376,0.71,"Premium","F","SI1",60.7,54,2809,5.84,5.8,3.53
377,1.2,"Fair","F","I1",64.6,56,2809,6.73,6.66,4.33
378,0.7,"Very Good","F","VS1",61.8,56,2810,5.63,5.7,3.5
379,0.7,"Very Good","F","VS1",59.9,60,2810,5.77,5.84,3.48
380,0.74,"Ideal","D","SI2",61.7,55,2810,5.81,5.85,3.6
381,0.7,"Good","F","VS1",62.8,61,2810,5.57,5.61,3.51
382,0.8,"Good","G","SI1",62.7,57,2810,5.84,5.93,3.69
383,0.75,"Very Good","F","SI1",63.4,58,2811,5.72,5.76,3.64
384,0.83,"Very Good","D","SI1",63.5,54,2811,5.98,5.95,3.79
385,1,"Fair","J","VS2",65.7,59,2811,6.14,6.07,4.01
386,0.99,"Fair","I","SI2",68.1,56,2811,6.21,6.06,4.18
387,0.7,"Very Good","G","VS1",63,60,2812,5.57,5.64,3.53
388,0.7,"Very Good","F","VS2",59.5,58,2812,5.75,5.85,3.45
389,0.7,"Good","E","SI1",63.5,59,2812,5.49,5.53,3.5
390,0.7,"Very Good","F","VS2",61.7,58,2812,5.63,5.69,3.49
391,0.32,"Premium","I","SI1",62.7,58,554,4.37,4.34,2.73
392,0.32,"Premium","I","SI1",62.8,58,554,4.39,4.34,2.74
393,0.32,"Ideal","I","SI1",62.4,57,554,4.37,4.35,2.72
394,0.32,"Premium","I","SI1",61,59,554,4.39,4.36,2.67
395,0.32,"Very Good","I","SI1",63.1,56,554,4.39,4.36,2.76
396,0.32,"Ideal","I","SI1",60.7,57,554,4.47,4.42,2.7
397,0.3,"Premium","H","SI1",60.9,59,554,4.31,4.29,2.62
398,0.3,"Premium","H","SI1",60.1,55,554,4.41,4.38,2.64
399,0.3,"Premium","H","SI1",62.9,58,554,4.28,4.24,2.68
4473,0.98,"Fair","F","SI1",61.8,66,3622,6.38,6.27,3.91
4474,0.7,"Very Good","E","IF",63.4,58,3622,5.64,5.59,3.56
4475,1.1,"Ideal","F","I1",61.3,56.9,3623,6.62,6.68,4.08
4476,0.92,"Premium","H","SI1",62.4,58,3624,6.19,6.22,3.87
4477,0.94,"Very Good","H","SI2",62.7,61,3624,6.21,6.24,3.9
4478,0.9,"Very Good","F","SI1",63.1,58,3624,6.09,6.15,3.86
4479,0.81,"Ideal","F","VS2",61.9,55,3624,6,5.95,3.7
4480,0.81,"Ideal","F","VS2",61.8,55,3624,5.96,5.92,3.67
4481,0.75,"Ideal","D","VS2",61.7,55,3625,5.82,5.85,3.6
4482,0.92,"Very Good","F","SI2",59.9,60,3625,6.26,6.29,3.76
4483,0.61,"Ideal","D","VVS1",62.3,54,3625,5.4,5.45,3.38
4484,0.9,"Premium","E","SI1",60.7,61,3625,6.19,6.17,3.75
4485,0.83,"Premium","E","VS2",61.3,59,3625,6.08,6.02,3.71
4486,0.83,"Ideal","E","VS2",61.8,57,3625,6.04,6.03,3.73
4487,0.9,"Good","E","SI1",60.8,65,3625,6.31,6.18,3.8
4488,0.71,"Very Good","F","VVS1",62.7,58,3626,5.67,5.72,3.57
4489,1.01,"Good","G","SI2",63.6,58,3626,6.31,6.37,4.03
4490,1.01,"Good","G","SI2",63.7,58,3626,6.31,6.35,4.03
4491,0.9,"Good","H","SI2",64.5,58,3627,6,5.96,3.86
4492,0.79,"Premium","E","VS2",62.1,59,3628,5.9,5.86,3.65
4493,1,"Ideal","I","SI2",58.8,55,3629,6.53,6.46,3.82
4494,1,"Ideal","I","SI2",58.8,55,3629,6.53,6.46,3.82
4495,0.9,"Ideal","I","VS2",61.5,58,3629,6.19,6.23,3.82
4496,0.72,"Ideal","D","VS1",62.5,55,3629,5.71,5.74,3.58
4497,0.9,"Fair","G","SI1",64.5,57,3629,6.07,6.03,3.9
4498,0.9,"Ideal","H","SI1",62.8,57,3629,6.16,6.14,3.86
4499,0.9,"Premium","H","SI1",60,56,3629,6.33,6.27,3.78
4500,0.9,"Premium","H","SI1",61.9,58,3629,6.2,6.15,3.82
4501,0.9,"Premium","H","VS2",60,59,3629,6.23,6.16,3.72
4502,1.08,"Ideal","H","SI2",62,57,3629,6.65,6.55,4.06
4503,0.9,"Premium","F","SI2",58.4,62,3629,6.37,6.34,3.71
4504,0.9,"Very Good","F","SI2",60.3,63,3630,6.28,6.21,3.77
4505,0.8,"Ideal","E","SI1",61.7,56,3630,5.99,6.04,3.71
4506,1,"Fair","G","SI1",67.7,57,3631,6,6.15,4.11
4507,0.91,"Very Good","E","SI2",62.5,59,3632,6.16,6.23,3.87
4508,0.9,"Very Good","D","SI2",59.8,53,3632,6.2,6.25,3.72
4509,0.91,"Good","E","SI2",64.3,57,3632,6,6.04,3.87
4510,0.74,"Ideal","E","VVS2",61.9,57,3633,5.79,5.81,3.59
4511,1.02,"Good","F","SI2",59.6,64,3633,6.58,6.55,3.91
4512,1.06,"Fair","G","SI2",65.3,62,3633,6.33,6.25,4.11
4513,1.02,"Fair","F","SI2",66.6,58,3633,6.21,6.14,4.11
4514,1.02,"Good","F","SI2",64.2,61,3633,6.3,6.21,4.02
4515,0.94,"Very Good","D","SI2",62,57,3634,6.28,6.34,3.91
4516,1,"Premium","D","SI2",62,60,3634,6.38,6.3,3.93
4517,1,"Fair","D","SI2",65.2,56,3634,6.27,6.21,4.07
4518,1,"Good","D","SI2",64,59,3634,6.29,6.24,4.01
4519,1,"Fair","G","SI1",43,59,3634,6.32,6.27,3.97
4520,1,"Premium","G","SI1",60.1,61,3634,6.44,6.4,3.86
4521,1,"Premium","G","SI1",60.1,61,3634,6.44,6.4,3.86
4522,1.03,"Premium","J","SI2",62.8,58,3634,6.48,6.41,4.05
4523,1,"Good","D","SI2",63.9,56,3634,6.32,6.27,4.02
4524,1.03,"Ideal","F","I1",61,56,3634,6.58,6.52,3.99
4525,1.03,"Ideal","H","SI2",60.8,56,3634,6.56,6.47,3.96
4526,0.91,"Ideal","H","SI1",62.4,57,3635,6.18,6.23,3.87
4527,0.74,"Ideal","G","VS1",61.2,56,3635,5.83,5.86,3.58
4528,0.74,"Ideal","G","VS1",60.9,55,3635,5.84,5.91,3.58
4529,1.12,"Ideal","J","VS2",62.9,57,3638,6.55,6.52,4.11
4530,0.91,"Very Good","E","SI2",60.3,59,3638,6.28,6.25,3.78
4531,1.02,"Good","J","SI2",62.2,61,3639,6.41,6.48,4.01
4532,0.91,"Premium","E","SI2",61.1,59,3639,6.24,6.2,3.8
4533,0.91,"Premium","E","SI2",62.8,61,3639,6.09,6.07,3.82
4534,1.14,"Good","I","SI1",63.9,58,3639,6.64,6.6,4.23
4535,1,"Premium","F","SI2",59.8,58,3640,6.53,6.48,3.89
4536,0.76,"Very Good","F","VVS2",62.9,58,3640,5.76,5.85,3.65
4537,1.03,"Very Good","J","SI2",63.1,57,3640,6.41,6.43,4.05
4538,1,"Fair","H","SI2",65.1,58,3640,6.27,6.15,4.05
4539,1,"Premium","H","SI2",59.1,62,3640,6.5,6.47,3.83
4540,1,"Good","H","SI2",64.1,61,3640,6.36,6.27,4.05
4541,1,"Premium","H","SI2",59.6,62,3640,6.52,6.41,3.85
4542,1,"Good","I","SI1",57.6,61,3640,6.56,6.52,3.77
4543,1,"Good","H","SI2",63.8,55,3640,6.28,6.24,4
4544,1,"Very Good","I","SI1",63.3,54,3640,6.39,6.34,4.03
4545,1,"Premium","J","VS1",59.7,62,3640,6.52,6.46,3.87
4546,1,"Premium","G","SI2",63,56,3640,6.37,6.33,4
4547,1,"Good","H","SI2",63.8,57,3640,6.32,6.28,4.02
4548,0.82,"Very Good","E","VS2",62.6,60,3641,5.91,5.97,3.72
4549,0.85,"Ideal","F","VS2",62.4,57,3641,6.13,6.01,3.79
4550,0.71,"Premium","G","IF",62,58,3642,5.67,5.72,3.53
4551,0.91,"Ideal","F","SI2",62.7,57,3642,6.16,6.21,3.88
4552,0.9,"Very Good","J","VS1",62.4,57,3643,6.13,6.18,3.84
4553,0.9,"Very Good","D","SI2",58.8,59,3643,6.24,6.28,3.68
4554,0.77,"Very Good","D","VS1",62.4,58,3643,5.82,5.87,3.65
4555,0.81,"Very Good","E","SI1",61.9,60,3643,5.87,5.95,3.66
4556,0.9,"Very Good","H","SI1",63,58,3643,6.13,6.18,3.88
4557,1.16,"Premium","D","I1",61.8,59,3644,6.74,6.78,4.18
4558,0.9,"Good","I","VS1",63.3,59,3644,6.06,6.1,3.85
4559,0.9,"Ideal","H","SI1",61.5,57,3644,6.17,6.23,3.81
4560,0.9,"Very Good","I","VS1",62.2,58,3644,6.13,6.18,3.83
4561,0.93,"Very Good","G","SI2",60.8,62,3644,6.29,6.34,3.84
4562,0.7,"Ideal","F","VVS2",61.7,58,3644,5.66,5.71,3.51
4563,0.91,"Premium","E","SI2",61,58,3644,6.31,6.27,3.84
4564,0.91,"Premium","F","SI1",62.7,59,3644,6.23,6.18,3.89
4565,0.77,"Premium","D","VS1",62.1,57,3644,5.85,5.8,3.62
4566,1.16,"Good","G","SI2",63.7,57,3644,6.59,6.56,4.19
4567,1,"Good","G","SI2",61.4,61,3646,6.32,6.35,3.89
4568,0.93,"Premium","H","SI1",62.8,58,3646,6.24,6.21,3.91
4569,0.77,"Ideal","F","VS1",61.2,56,3647,5.9,5.93,3.62
4570,0.8,"Ideal","E","VS2",62.2,57,3648,5.95,5.98,3.71
4571,0.76,"Ideal","H","VVS1",61.9,54,3648,5.87,5.9,3.64
4572,0.76,"Ideal","F","VS2",61.9,57,3648,5.83,5.86,3.62
4573,0.76,"Ideal","G","VS1",61.3,54,3648,5.88,5.94,3.62
6999,1,"Premium","F","SI2",62.9,59,4155,6.39,6.3,3.99
7000,1,"Premium","F","SI2",62.6,58,4155,6.37,6.31,3.97
7001,1,"Premium","F","SI2",62.8,57,4155,6.44,6.37,4.02
7002,1,"Good","I","VS2",59.7,64,4155,6.51,6.45,3.87
7003,1,"Good","D","SI1",57.6,62,4155,6.62,6.5,3.78
7004,1.06,"Premium","D","SI2",60.9,60,4155,6.55,6.52,3.98
7005,1,"Premium","F","SI2",62.4,61,4155,6.34,6.32,3.95
7006,1,"Premium","F","SI2",59.4,62,4155,6.4,6.37,3.79
7007,1.06,"Premium","I","SI1",62.9,60,4155,6.47,6.43,4.06
7008,0.9,"Good","H","VS2",61.5,61,4156,6.15,6.24,3.81
7009,0.9,"Very Good","H","VS2",62.2,58,4157,6.11,6.18,3.82
7010,0.74,"Ideal","F","VVS2",61.7,57,4157,5.79,5.84,3.59
7011,0.9,"Ideal","I","VS2",62,53,4157,6.17,6.23,3.85
7012,1.1,"Ideal","J","SI2",60.9,56,4157,6.68,6.72,4.08
7013,1.16,"Premium","H","SI2",58.8,61,4157,6.93,6.84,4.05
7014,0.9,"Premium","F","SI1",61.2,59,4158,6.19,6.16,3.78
7015,0.9,"Very Good","F","SI1",63.2,56,4158,6.16,6.09,3.87
7016,0.92,"Good","D","SI1",63.6,57,4158,6.09,6.14,3.89
7017,0.92,"Good","D","SI1",63.1,58,4158,6.11,6.16,3.87
7018,1,"Good","F","SI1",63.7,58,4158,6.29,6.34,4.02
7019,1.05,"Very Good","H","SI2",63,59,4158,6.44,6.48,4.07
7020,1.1,"Ideal","I","SI2",62.8,57,4158,6.63,6.56,4.14
7021,1.12,"Premium","G","SI2",61.2,58,4158,6.69,6.67,4.09
7022,1.04,"Premium","G","SI2",60.3,62,4158,6.56,6.5,3.94
7023,1.36,"Fair","J","SI2",67.8,55,4158,6.73,6.66,4.54
7024,1.12,"Good","G","SI2",56.7,62,4158,6.91,6.86,3.9
7025,0.9,"Premium","E","SI1",62.9,58,4158,6.16,6.11,3.86
7026,0.9,"Premium","F","SI1",63,60,4158,6.13,6.09,3.85
7027,0.9,"Premium","F","SI1",59.9,59,4158,6.29,6.26,3.76
7028,1.12,"Ideal","G","SI2",62.8,54,4158,6.7,6.64,4.19
7029,0.83,"Ideal","D","SI1",61.9,56,4159,6.01,6.04,3.73
7030,1.02,"Good","G","SI2",59.9,58,4159,6.48,6.55,3.9
7031,0.94,"Premium","G","SI1",61.3,61,4159,6.33,6.27,3.86
7032,1.03,"Premium","G","SI2",59.3,58,4160,6.58,6.63,3.92
7033,0.91,"Ideal","E","SI2",61.8,56,4160,6.19,6.27,3.85
7034,1.32,"Premium","J","SI2",61.2,59,4160,7.08,7.04,4.32
7035,0.9,"Very Good","I","VVS1",63.5,58,4161,6.06,6.09,3.86
7036,0.9,"Ideal","G","SI1",62.1,56,4161,6.16,6.2,3.84
7037,0.9,"Ideal","G","SI1",61.9,55,4161,6.18,6.23,3.84
7038,0.59,"Ideal","D","IF",60.7,58,4161,5.45,5.49,3.32
7039,1.02,"Very Good","F","SI2",63,58,4162,6.38,6.44,4.04
7040,1.02,"Very Good","F","SI2",60.4,60,4162,6.49,6.53,3.93
7041,1.02,"Ideal","F","SI2",62.1,56,4162,6.41,6.44,3.99
7042,1.02,"Very Good","F","SI2",59.9,62,4162,6.5,6.53,3.9
7043,1.06,"Very Good","G","SI2",61.1,62,4162,6.55,6.61,4.02
7044,1.02,"Very Good","F","SI2",62,59,4162,6.33,6.42,3.95
7045,1.02,"Very Good","F","SI2",60.2,61,4162,6.48,6.52,3.91
7046,1.02,"Good","F","SI2",63.8,53,4162,6.37,6.46,4.09
7047,1.02,"Premium","F","SI2",59.9,59,4162,6.56,6.59,3.94
7048,1.03,"Ideal","I","SI2",62.3,59,4162,6.39,6.45,4
7049,0.93,"Very Good","G","SI2",62.9,56,4163,6.2,6.23,3.91
7050,1,"Fair","G","SI1",63.1,59,4163,6.32,6.27,3.97
7051,0.33,"Ideal","E","SI1",62.5,55,579,4.42,4.45,2.77
7052,0.33,"Ideal","I","VVS2",62.4,56,579,4.41,4.43,2.76
7053,0.33,"Premium","G","VS2",61.4,60,579,4.41,4.45,2.72
7054,0.33,"Ideal","H","VS1",62,55,579,4.44,4.46,2.76
7055,0.33,"Ideal","H","VS1",61.7,54,579,4.45,4.47,2.75
7056,0.33,"Very Good","E","SI1",62.7,56,579,4.39,4.45,2.77
7057,0.33,"Premium","G","VS2",61.9,59,579,4.4,4.46,2.74
7058,0.33,"Ideal","E","SI1",62.4,56,579,4.41,4.43,2.76
7059,0.33,"Very Good","E","SI1",60.7,57,579,4.43,4.47,2.7
7060,0.33,"Premium","I","VVS2",61,58,579,4.42,4.46,2.71
7061,0.33,"Very Good","G","VS2",60.9,56,579,4.46,4.5,2.73
7062,0.33,"Premium","I","VVS2",61,59,579,4.41,4.44,2.7
7063,0.33,"Very Good","G","VS2",62,58,579,4.42,4.45,2.75
7064,0.33,"Ideal","I","VVS2",62.7,54,579,4.42,4.45,2.78
7065,0.33,"Very Good","G","VS2",59.3,61,579,4.49,4.51,2.67
7066,0.33,"Good","I","VVS2",63.7,56,579,4.36,4.4,2.79
7067,0.33,"Ideal","H","VS1",61.8,56,579,4.41,4.46,2.74
7068,0.33,"Premium","G","VS2",62.6,58,579,4.41,4.44,2.77
7069,0.33,"Premium","I","VVS2",61.4,58,579,4.45,4.48,2.74
7070,0.33,"Very Good","E","SI1",59.1,58,579,4.51,4.56,2.68
7071,0.33,"Very Good","G","VS2",60.8,62,579,4.42,4.46,2.7
7072,0.33,"Ideal","I","VVS2",62.4,57,579,4.41,4.44,2.76
7073,0.33,"Ideal","G","VS2",62.5,57,579,4.39,4.41,2.75
7074,0.33,"Very Good","G","VS2",61.1,59,579,4.43,4.47,2.72
7075,0.33,"Premium","G","VS2",60.8,58,579,4.45,4.47,2.71
7076,0.33,"Very Good","H","VS1",60,61,579,4.48,4.52,2.7
7077,0.33,"Premium","E","SI1",62.2,59,579,4.41,4.43,2.75
7078,0.33,"Premium","H","VS1",61.9,58,579,4.43,4.45,2.75
7079,0.33,"Premium","H","VS1",62.1,59,579,4.43,4.46,2.76
7080,0.33,"Ideal","G","VS2",61.6,55,579,4.43,4.46,2.74
7081,1.05,"Ideal","I","SI2",60.9,57,4163,6.55,6.62,4.01
7082,1,"Ideal","H","SI2",62.5,54,4163,6.32,6.38,3.97
7083,1.04,"Premium","E","SI2",61.6,59,4164,6.55,6.57,4.04
7084,0.85,"Ideal","G","VS1",61.6,54,4164,6.08,6.12,3.76
7085,0.9,"Good","E","SI1",63.1,61,4165,6.14,6.18,3.89
7086,0.9,"Very Good","E","SI1",61.3,57,4165,6.24,6.29,3.84
7087,0.9,"Very Good","E","SI1",59.8,58,4165,6.21,6.26,3.73
7088,0.9,"Very Good","E","SI1",61.8,59,4165,6.11,6.16,3.79
7089,0.93,"Good","D","SI2",61.4,63,4165,6.22,6.26,3.83
7090,0.9,"Good","E","SI1",58.3,61,4165,6.24,6.29,3.65
7091,0.91,"Premium","D","SI1",61.5,59,4165,6.25,6.18,3.82
7092,1.01,"Very Good","I","SI1",62.9,58,4166,6.34,6.37,4
7093,1.01,"Premium","I","SI1",61.8,59,4166,6.37,6.44,3.96
7094,1.01,"Premium","H","SI2",61.6,59,4166,6.39,6.44,3.95
7095,1.01,"Good","F","SI2",63.7,59,4166,6.28,6.38,4.03
7096,1.01,"Very Good","H","SI2",58.8,58,4166,6.57,6.62,3.88
7097,1,"Fair","H","VS2",66.8,63,4166,6.19,6.08,4.1
7098,1,"Good","H","VS2",57.8,59,4166,6.53,6.47,3.75
7099,0.71,"Ideal","F","VVS2",62.2,56,4167,5.7,5.74,3.56
13999,1.07,"Ideal","H","VS2",63.6,59,5698,6.46,6.42,4.09
14000,1.19,"Premium","H","SI1",60.8,59,5698,6.87,6.84,4.17
14001,1.19,"Premium","H","SI1",62.7,61,5698,6.73,6.66,4.2
14002,1.2,"Premium","I","VS2",62.6,58,5699,6.77,6.72,4.22
14003,1.2,"Premium","I","VS2",62.6,58,5699,6.77,6.72,4.22
14004,1.25,"Very Good","I","SI1",62.1,58,5699,6.86,6.9,4.27
14005,1.2,"Premium","I","VS2",61.8,55,5699,6.93,6.8,4.24
14006,1.2,"Premium","F","SI2",61.9,59,5699,6.86,6.74,4.21
14007,1.2,"Ideal","I","VS2",63.2,59,5699,6.73,6.68,4.24
14008,1.14,"Premium","H","VS2",61.3,59,5700,6.76,6.72,4.13
14009,1.01,"Good","F","VS2",65.2,57,5700,6.19,6.23,4.05
14010,1.01,"Good","D","SI1",58.4,62,5700,6.48,6.5,3.79
14011,1.01,"Premium","G","VS2",61.2,57,5701,6.46,6.41,3.94
14012,1.02,"Very Good","F","SI1",63.7,56,5701,6.34,6.41,4.06
14013,1.01,"Very Good","G","VS2",63.2,57,5701,6.35,6.3,4
14014,1.01,"Good","G","VS2",63.6,60,5701,6.35,6.3,4.02
14015,1.01,"Good","G","VS2",63.9,54,5701,6.37,6.31,4.05
14016,1.01,"Very Good","G","VS2",63.2,55,5701,6.39,6.34,4.02
14017,1.01,"Good","G","VS2",63.7,56,5701,6.4,6.32,4.05
14018,1.01,"Good","G","VS2",57.5,62,5701,6.58,6.53,3.77
14019,1.01,"Premium","G","VS2",61.1,60,5701,6.46,6.37,3.92
14020,1.01,"Premium","D","SI1",61.6,62,5701,6.44,6.38,3.95
14021,1,"Good","G","VS2",63.1,61,5702,6.33,6.38,4.01
14022,1,"Good","G","VS2",63.4,57,5702,6.27,6.31,3.99
14023,1,"Very Good","G","VS2",63,59,5702,6.36,6.4,4.02
14024,1,"Very Good","G","VS2",62.9,56,5702,6.27,6.42,3.99
14025,1.02,"Ideal","E","SI1",61.9,55,5702,6.46,6.49,4.01
14026,1.06,"Ideal","I","VS1",61.1,56,5702,6.59,6.61,4.03
14027,1.05,"Ideal","D","SI2",62.1,58,5702,6.49,6.52,4.04
14028,1.01,"Ideal","D","SI1",62,55,5702,6.39,6.45,3.98
14029,1.16,"Premium","H","SI1",62.8,57,5702,6.73,6.67,4.21
14030,1.22,"Ideal","H","SI2",61.1,57,5703,6.9,5.92,4.22
14031,1.22,"Ideal","H","SI2",61.7,56,5703,6.83,6.91,4.24
14032,1.01,"Very Good","D","SI2",63.1,54,5703,6.39,6.35,4.02
14033,1.02,"Premium","F","VS2",63,60,5704,6.41,6.35,4.02
14034,1.07,"Premium","D","SI1",61.9,58,5704,6.57,6.53,4.05
14035,1.07,"Ideal","E","SI2",61.5,56,5704,6.61,6.58,4.06
14036,1.05,"Ideal","H","SI1",60.8,56,5704,6.62,6.58,4.01
14037,1.25,"Ideal","H","SI2",61.2,57,5706,6.89,6.93,4.23
14038,1.09,"Premium","H","SI1",59.5,58,5706,6.73,6.71,4
14039,1.02,"Good","G","VS1",57.3,59,5706,6.71,6.65,3.83
14040,1.21,"Ideal","J","VS2",62.5,57,5707,6.79,6.74,4.23
14041,0.31,"Very Good","F","VS2",61.1,58.1,605,4.33,4.37,2.66
14042,0.26,"Ideal","G","VVS1",62.8,54,605,4.07,4.09,2.56
14043,0.26,"Ideal","G","VVS1",62.4,56,605,4.11,4.14,2.57
14044,0.38,"Ideal","J","VS1",62.2,55.7,605,4.63,4.65,2.89
14045,0.41,"Ideal","G","SI2",61.3,56,605,4.78,4.81,2.94
14046,0.26,"Ideal","G","IF",62.2,55,605,4.09,4.13,2.55
14047,0.26,"Ideal","G","IF",62.5,57,605,4.06,4.1,2.55
14048,0.36,"Premium","E","SI2",62.4,58,605,4.56,4.54,2.84
14049,0.32,"Ideal","I","VS1",62.1,57,605,4.42,4.37,2.73
14050,0.32,"Ideal","I","VS1",62.3,56,605,4.4,4.37,2.73
14051,0.32,"Premium","H","VS2",62.7,58,605,4.35,4.33,2.72
14052,0.31,"Premium","G","VS2",58.8,62,605,4.41,4.4,2.59
14053,0.31,"Premium","G","VS2",61.2,59,605,4.4,4.36,2.68
14054,0.31,"Premium","E","SI1",62.7,58,605,4.35,4.32,2.72
14055,0.3,"Premium","F","VS2",61.1,59,605,4.29,4.32,2.63
14056,0.3,"Very Good","G","VS1",62.3,59,605,4.27,4.3,2.67
14057,0.3,"Premium","F","VS2",61.4,60,605,4.29,4.34,2.65
14058,0.3,"Very Good","F","VS2",62.7,58,605,4.25,4.3,2.68
14059,0.3,"Premium","G","VS1",61.8,59,605,4.34,4.37,2.69
14060,0.3,"Ideal","F","VS2",61.1,56,605,4.31,4.33,2.64
14061,0.3,"Ideal","F","VS2",60.4,56,605,4.34,4.37,2.63
14062,0.3,"Good","H","VVS2",63.5,55,605,4.25,4.28,2.71
14063,0.3,"Ideal","H","VVS2",62.6,55,605,4.25,4.28,2.67
14064,0.3,"Good","G","VS1",63.4,58,605,4.23,4.25,2.69
14065,0.3,"Ideal","F","VS2",61.8,57,605,4.31,4.33,2.67
14066,0.3,"Ideal","H","VVS2",61.2,57,605,4.31,4.32,2.64
14067,0.3,"Ideal","F","VS2",62.5,55,605,4.27,4.31,2.68
14068,0.3,"Ideal","G","VS1",62.6,57,605,4.27,4.29,2.68
14069,0.3,"Very Good","F","VS2",62.8,56,605,4.29,4.31,2.7
14070,0.3,"Good","H","VVS2",63.6,56,605,4.26,4.29,2.72
14071,1.04,"Premium","D","SI1",61.5,58,5708,6.53,6.48,4
14072,1.04,"Good","D","SI1",63.7,58,5708,6.43,6.39,4.08
14073,0.91,"Premium","F","VVS2",63,56,5708,6.17,6.12,3.87
14074,1.02,"Very Good","D","SI1",62.7,60,5709,6.34,6.39,3.99
14075,1.03,"Ideal","E","SI1",62,53,5710,6.5,6.47,4.02
14076,1.03,"Premium","E","SI1",62.9,56,5710,6.49,6.39,4.05
14077,1.2,"Ideal","H","SI2",61.6,57,5712,6.84,6.79,4.2
14078,1.01,"Very Good","I","SI1",60.1,59,5712,6.44,6.47,3.88
14079,1.2,"Premium","I","SI1",62.6,59,5712,6.85,6.79,4.27
14080,1.2,"Premium","F","SI2",62.9,57,5712,6.8,6.72,4.25
14081,1.2,"Ideal","H","SI2",61,57,5712,6.9,6.84,4.19
14082,1.01,"Very Good","F","SI1",63.5,57,5713,6.38,6.31,4.03
14083,1.06,"Very Good","D","SI1",59.4,57,5713,6.65,6.72,3.97
14084,1.01,"Premium","F","SI1",58.9,60,5713,6.57,6.5,3.85
14085,1.01,"Premium","G","VS2",62.6,56,5713,6.41,6.34,3.99
14086,1.24,"Ideal","I","SI1",61.3,56,5714,6.9,6.93,4.24
14087,1.22,"Ideal","G","SI2",59.6,56,5714,7.05,7.02,4.19
14088,1.27,"Very Good","H","SI2",60.6,59,5715,6.97,7,4.23
14089,1.35,"Premium","J","SI1",61.1,61,5715,7.13,7.1,4.35
14090,1.23,"Ideal","F","SI2",62.8,57,5715,6.74,6.86,4.27
14091,1.35,"Premium","I","SI2",59.8,59,5715,7.26,7.2,4.32
14092,1.1,"Premium","F","SI1",59.5,59,5717,6.7,6.77,4.01
14093,1.19,"Ideal","E","SI2",60.2,57,5717,6.84,6.87,4.13
14094,1.32,"Very Good","H","SI1",63.5,57,5717,6.88,6.92,4.38
14095,0.91,"Ideal","D","SI1",60.6,56,5717,6.27,6.3,3.81
14096,1.23,"Premium","I","SI1",60.3,58,5717,6.95,6.92,4.18
14097,1.23,"Premium","I","SI1",62,57,5717,6.91,6.83,4.26
14098,1.23,"Premium","H","SI2",62,59,5717,6.92,6.88,4.28
14099,1.2,"Premium","H","SI1",62.4,58,5718,6.76,6.79,4.23
14100,1,"Very Good","E","SI1",59.2,59,5718,6.49,6.55,3.86
22999,1.13,"Ideal","F","VVS1",61.7,56,11051,6.68,6.75,4.14
23000,1.2,"Ideal","D","VS1",61,59,11053,6.79,6.85,4.16
23001,1.01,"Ideal","D","VVS2",61.1,57,11057,6.49,6.47,3.96
23002,2.02,"Premium","I","VS2",61.2,60,11059,8.22,8.13,5
23003,1.47,"Very Good","G","VS2",62.7,56,11060,7.15,7.18,4.49
23004,1.3,"Premium","G","VVS1",60.5,60,11061,7.01,7.05,4.25
23005,1.02,"Premium","E","VVS1",61.5,59,11062,6.41,6.46,3.96
23006,1.51,"Ideal","H","SI1",62.3,53.7,11062,7.33,7.37,4.58
23007,1.7,"Premium","I","VS2",61.7,59,11062,7.63,7.57,4.69
23008,1.52,"Premium","H","VS2",61.1,59,11066,7.45,7.38,4.53
23009,1.55,"Ideal","I","VS1",61.9,55,11067,7.46,7.43,4.61
23010,1.51,"Very Good","H","VS2",60.9,57,11068,7.39,7.43,4.51
23011,0.35,"Premium","E","SI2",61.5,59,630,4.56,4.52,2.79
23012,0.35,"Premium","E","SI2",61,58,630,4.56,4.52,2.77
23013,0.3,"Premium","H","VS1",62.1,59,630,4.28,4.25,2.65
23014,0.3,"Premium","H","VS1",62.4,60,630,4.29,4.23,2.66
23015,0.3,"Very Good","H","VS1",63.2,58,630,4.26,4.22,2.68
23016,0.3,"Premium","G","VS2",61.1,62,630,4.33,4.28,2.63
23017,0.3,"Premium","G","VS2",62.6,62,630,4.25,4.21,2.65
23018,0.3,"Very Good","G","VS2",63.1,58,630,4.27,4.23,2.68
23019,0.4,"Ideal","F","I1",63.3,60,630,4.68,4.64,2.95
23020,0.3,"Premium","G","VS2",61.8,60,630,4.29,4.25,2.64
23021,0.3,"Fair","E","VS2",66.7,59,630,4.23,4.05,2.78
23022,0.35,"Ideal","I","VS2",61.7,57,630,4.56,4.52,2.8
23023,0.35,"Premium","I","VS2",61.2,58,630,4.57,4.55,2.79
23024,0.35,"Ideal","E","SI2",61.4,56,630,4.55,4.51,2.78
23025,0.3,"Very Good","G","VVS2",62.4,56,631,4.27,4.3,2.67
23026,0.3,"Very Good","G","VVS2",60.3,57,631,4.35,4.36,2.63
23027,0.3,"Very Good","H","VVS1",61,55,631,4.35,4.39,2.66
23028,0.3,"Ideal","H","VVS2",61.9,54.5,631,4.31,4.35,2.68
23029,0.3,"Ideal","H","VVS2",61.7,54.2,631,4.32,4.35,2.67
23030,0.33,"Ideal","G","SI1",61.3,56,631,4.51,4.46,2.75
23031,0.33,"Premium","G","SI1",59.8,58,631,4.54,4.52,2.71
23032,0.33,"Premium","D","SI2",62.7,58,631,4.41,4.39,2.76
23033,0.33,"Premium","D","SI2",61.6,59,631,4.42,4.41,2.72
23034,0.33,"Ideal","D","SI2",61.3,56,631,4.49,4.45,2.74
23035,0.33,"Premium","G","SI1",61.1,59,631,4.45,4.42,2.71
23036,0.33,"Ideal","D","SI2",60.9,56,631,4.48,4.45,2.72
23037,0.33,"Ideal","D","SI2",61.1,57,631,4.5,4.47,2.74
23038,0.33,"Premium","D","SI2",59.5,59,631,4.5,4.48,2.67
23039,0.33,"Ideal","D","SI2",62,57,631,4.46,4.45,2.76
23040,0.33,"Very Good","D","SI2",63.4,56,631,4.43,4.4,2.8
23041,1.57,"Ideal","H","SI1",62.4,56,11068,7.42,7.45,4.64
23042,1.53,"Very Good","E","SI2",59.3,58,11069,7.54,7.57,4.48
23043,1.3,"Ideal","G","VVS2",62,57,11073,6.96,7.03,4.34
23044,1.11,"Ideal","E","VVS2",62.9,55,11074,6.56,6.62,4.14
23045,1.52,"Good","E","SI1",63.5,58,11075,7.29,7.36,4.65
23046,1.51,"Very Good","H","VS2",60.9,54,11077,7.38,7.41,4.5
23047,1.53,"Premium","D","SI2",60.7,60,11078,7.45,7.41,4.51
23048,1.63,"Ideal","H","SI1",61.9,57,11078,7.59,7.53,4.68
23049,1.5,"Ideal","G","SI1",62,56,11079,7.29,7.33,4.53
23050,1.32,"Ideal","G","VS1",61.7,56,11079,7.03,7.11,4.36
23051,1.23,"Very Good","G","VVS1",61.2,55.8,11081,6.9,6.94,4.23
23052,1.01,"Ideal","D","VVS2",62.3,53,11082,6.4,6.47,4.02
23053,1.69,"Ideal","I","VS2",61.7,56,11086,7.65,7.71,4.74
23054,1.53,"Premium","H","VS2",60.1,58,11087,7.6,7.57,4.71
23055,1.51,"Good","D","SI1",64.9,60,11087,7.14,7.2,4.65
23056,1.51,"Very Good","I","VVS1",63,59,11088,7.24,7.3,4.58
23057,1.5,"Premium","H","VS1",62.1,59,11088,7.27,7.31,4.53
23058,1.5,"Premium","H","VS1",59.9,60,11088,7.39,7.44,4.44
23059,2.2,"Very Good","H","SI2",63.3,57,11088,8.28,8.17,5.21
23060,1.25,"Premium","E","VS1",61.5,59,11088,6.95,6.91,4.26
23061,1.25,"Ideal","G","VVS2",62,59,11089,6.88,6.96,4.29
23062,1.61,"Ideal","E","SI2",63,60,11090,7.45,7.42,4.68
23063,1.7,"Very Good","F","SI2",63.4,57,11091,7.54,7.57,4.79
23064,1.5,"Premium","H","VS2",62.4,59,11092,7.29,7.32,4.56
23065,1.52,"Very Good","G","VS2",62.4,56,11093,7.26,7.36,4.56
23066,2.07,"Premium","H","SI2",59.6,60,11094,8.3,8.24,4.93
23067,2.01,"Good","G","SI2",63.6,59,11096,7.97,7.9,5.05
23068,1.51,"Fair","E","SI1",58.4,70,11102,7.55,7.39,4.36
23069,1.55,"Premium","D","SI2",62,58,11103,7.44,7.39,4.6
23070,1.18,"Ideal","E","VS1",61.4,57,11104,6.77,6.81,4.17
23071,1.22,"Premium","G","IF",59.2,58,11104,7.02,6.97,4.14
23072,2.25,"Ideal","I","SI2",60.7,56,11104,8.54,8.5,5.17
23073,1.53,"Premium","H","VS2",62.7,56,11104,7.39,7.31,4.61
23074,1.71,"Premium","I","SI1",60.2,58,11104,7.79,7.75,4.68
23075,1.52,"Premium","H","VS2",59.4,59,11105,7.45,7.49,4.44
23076,1.52,"Ideal","G","SI1",60.3,57,11105,7.47,7.51,4.52
23077,1.87,"Premium","I","SI2",60.3,61,11105,7.95,7.91,4.78
23078,2,"Premium","J","SI2",60.9,54,11106,8.17,8.12,4.96
23079,1.54,"Premium","G","SI1",61.8,59,11107,7.32,7.37,4.54
23080,1.31,"Very Good","G","VVS2",62.2,59,11108,6.91,6.98,4.32
23081,2,"Premium","H","SI2",61.4,59,11108,8.07,8,4.93
23082,1.41,"Ideal","G","VS1",60.4,57,11109,7.31,7.22,4.39
23083,1.34,"Ideal","H","IF",60.9,57,11109,7.09,7.19,4.35
23084,2.01,"Very Good","J","SI2",61,57,11110,8.09,8.14,4.95
23085,1.58,"Ideal","I","SI1",61.7,56,11110,7.47,7.5,4.62
23086,1.22,"Ideal","G","IF",61.7,56,11111,6.87,6.91,4.25
23087,1.75,"Ideal","F","SI2",62.9,57,11113,7.71,7.59,4.81
23088,1.57,"Premium","G","SI1",59.5,58,11113,7.61,7.56,4.51
23089,1.57,"Premium","G","SI1",59.2,59,11113,7.68,7.6,4.52
23090,1.47,"Premium","G","VS2",62.8,57,11113,7.27,7.22,4.55
23091,1.62,"Ideal","H","VS2",62.4,57,11114,7.48,7.53,4.68
23092,2.25,"Premium","I","SI2",61.9,59,11114,8.42,8.35,5.19
23093,1.13,"Ideal","E","VVS2",61.4,57,11115,6.69,6.74,4.12
23094,1.13,"Ideal","E","VVS2",61.6,56,11115,6.69,6.71,4.13
23095,2.01,"Good","I","VS2",59,64,11115,8.25,8.19,4.85
23096,1.02,"Ideal","F","IF",62,58,11116,6.44,6.49,4.01
23097,1.34,"Premium","G","VVS2",61.3,58,11118,7.16,7.1,4.37
23098,2.34,"Very Good","H","I1",62.4,55.4,11119,8.44,8.51,5.29
23099,2.02,"Premium","I","SI1",62.1,58,11119,8.1,8.04,5.01
43733,0.51,"Ideal","E","SI1",61.5,55,1438,5.16,5.18,3.18
43734,0.51,"Ideal","G","VS2",62.4,56,1438,5.11,5.14,3.2
43735,0.51,"Very Good","E","SI1",62.3,58,1438,5.05,5.12,3.17
43736,0.51,"Very Good","G","VS2",62.4,57,1438,5.09,5.11,3.18
43737,0.51,"Very Good","G","VS2",62.7,58,1438,5.09,5.12,3.2
43738,0.51,"Very Good","E","SI1",61.3,54,1438,5.13,5.18,3.16
43739,0.51,"Very Good","E","SI1",60.8,57,1438,5.19,5.24,3.17
43740,0.51,"Ideal","E","SI1",59.6,57,1438,5.2,5.24,3.11
43741,0.51,"Ideal","G","VS2",61.7,57,1438,5.12,5.15,3.17
43742,0.51,"Good","H","VS1",63.7,55,1438,5.07,5.1,3.24
43743,0.51,"Very Good","G","VS2",62.9,58,1438,5.05,5.12,3.2
43744,0.51,"Ideal","E","SI1",62.7,55,1438,5.07,5.1,3.19
43745,0.51,"Very Good","E","SI1",62.5,57,1438,5.06,5.09,3.17
43746,0.51,"Very Good","E","SI1",62.8,55,1438,5.07,5.12,3.2
43747,0.51,"Premium","G","VS2",61.2,60,1438,5.12,5.17,3.15
43748,0.51,"Very Good","E","SI1",62.8,56,1438,5.07,5.15,3.21
43749,0.51,"Premium","G","VS2",62.4,58,1438,5.11,5.12,3.19
43750,0.51,"Ideal","E","SI1",62.1,55,1438,5.09,5.15,3.18
43751,0.51,"Very Good","G","VS2",62.3,59,1438,5.07,5.1,3.17
43752,0.58,"Very Good","D","SI2",62.9,56,1438,5.31,5.35,3.35
43753,0.44,"Ideal","E","VVS1",59.9,57,1438,4.93,4.97,2.96
43754,0.53,"Ideal","E","SI2",61.4,56,1438,5.21,5.25,3.21
43755,0.61,"Premium","I","VS2",61.8,56,1438,5.44,5.41,3.35
43756,0.41,"Ideal","F","IF",61.3,56,1439,4.76,4.77,2.92
43757,0.41,"Ideal","F","IF",61.9,56,1439,4.77,4.79,2.96
43758,0.41,"Premium","F","IF",62.6,58,1439,4.73,4.76,2.97
43759,0.41,"Ideal","F","IF",61.6,56,1439,4.79,4.82,2.96
43760,0.41,"Ideal","F","IF",61.4,56,1439,4.77,4.81,2.94
43761,0.41,"Ideal","F","IF",62.1,55,1439,4.76,4.81,2.97
43762,0.41,"Ideal","F","IF",61.9,56,1439,4.78,4.81,2.97
43763,0.53,"Ideal","G","SI1",61,55,1439,5.23,5.26,3.2
43764,0.41,"Ideal","F","IF",61.4,58,1439,4.78,4.83,2.95
43765,0.41,"Ideal","F","IF",61.4,56,1439,4.81,4.83,2.96
43766,0.41,"Ideal","F","IF",62.3,55,1439,4.78,4.82,2.99
43767,0.41,"Ideal","F","IF",61.7,56,1439,4.79,4.83,2.97
43768,0.54,"Ideal","H","VS2",60.1,57,1439,5.33,5.28,3.19
43769,0.54,"Premium","H","VS2",62.6,58,1439,5.19,5.16,3.24
43770,0.54,"Very Good","H","VS2",63.2,55,1439,5.24,5.2,3.3
43771,0.54,"Premium","G","SI1",61.6,58,1439,5.26,5.21,3.23
43772,0.58,"Premium","H","VS2",59.7,59,1439,5.42,5.33,3.21
43773,0.58,"Very Good","F","SI1",62.2,57,1440,5.32,5.36,3.32
43774,0.56,"Very Good","E","SI1",60.2,57,1440,5.36,5.4,3.24
43775,0.54,"Very Good","E","SI1",63.2,57,1440,5.15,5.2,3.27
43776,0.54,"Ideal","E","SI1",60.6,58,1440,5.27,5.29,3.2
43777,0.63,"Good","I","VS2",56.1,65,1440,5.73,5.78,3.23
43778,0.53,"Good","H","IF",61.2,65,1440,5.16,5.27,3.19
43779,0.37,"Fair","D","IF",61.2,57,1440,4.68,4.73,2.88
43780,0.4,"Ideal","D","VVS1",60.3,57,1441,4.81,4.78,2.89
43781,0.47,"Ideal","G","VVS1",61.3,56,1441,5.03,5.05,3.09
43782,0.62,"Ideal","F","SI2",61.3,55,1441,5.55,5.47,3.38
43783,0.57,"Ideal","G","SI1",62.1,55,1441,5.32,5.34,3.31
43784,0.57,"Ideal","G","SI1",62.3,54,1441,5.34,5.35,3.33
43785,0.57,"Ideal","G","SI1",62.2,55,1441,5.33,5.35,3.32
43786,0.46,"Ideal","G","IF",62.5,57,1441,4.89,4.94,3.07
43787,0.56,"Ideal","F","SI1",61.4,57,1441,5.3,5.28,3.25
43788,0.56,"Premium","G","SI1",58.8,59,1441,5.4,5.38,3.17
43789,0.56,"Ideal","G","SI1",62.5,56,1441,5.28,5.21,3.28
43790,0.56,"Premium","G","SI1",60.2,59,1441,5.36,5.34,3.22
43791,0.56,"Very Good","F","SI1",63.2,56,1441,5.29,5.24,3.33
43792,0.54,"Ideal","G","VS2",62.8,55,1441,5.23,5.17,3.27
43793,0.58,"Very Good","F","SI1",59.4,58,1442,5.45,5.5,3.25
43794,0.51,"Very Good","D","SI1",63,58,1442,5.05,5.07,3.19
43795,0.7,"Good","J","SI1",64.3,56,1442,5.62,5.57,3.6
43796,0.41,"Ideal","E","VVS1",61.9,58,1442,4.77,4.8,2.96
43797,0.6,"Ideal","H","VS2",62.1,55,1442,5.42,5.46,3.38
43798,0.51,"Ideal","H","VS2",60.8,57,1442,5.14,5.16,3.13
43799,0.51,"Ideal","F","VS2",62.5,55,1442,5.08,5.13,3.19
43800,0.59,"Ideal","I","VS1",62.2,57,1442,5.33,5.38,3.33
43801,0.58,"Ideal","G","SI1",61.4,55.8,1442,5.34,5.38,3.29
43802,0.58,"Ideal","F","SI1",59.9,56,1442,5.41,5.47,3.26
43803,0.58,"Ideal","D","SI2",61.2,57,1442,5.4,5.36,3.29
43804,0.58,"Ideal","D","SI2",62.7,56,1442,5.32,5.3,3.33
43805,0.51,"Ideal","G","VS2",62.8,55,1443,5.1,5.06,3.19
43806,0.51,"Very Good","G","VS2",63.4,55,1443,5.06,5.03,3.2
43807,0.51,"Ideal","G","VS2",62.2,54,1443,5.11,5.14,3.19
43808,0.51,"Premium","H","VS1",62.5,58,1443,5.12,5.09,3.19
43809,0.51,"Premium","G","VS2",61.3,59,1443,5.17,5.11,3.15
43810,0.51,"Ideal","G","VS2",62,56,1443,5.18,5.11,3.19
43811,0.51,"Premium","G","VS2",62.6,57,1443,5.15,5.1,3.21
43812,0.51,"Good","G","VS2",63.9,56,1443,5.1,5.07,3.25
43813,0.51,"Ideal","E","SI1",61.7,55,1443,5.17,5.13,3.18
43814,0.51,"Ideal","E","SI1",61.1,56,1443,5.2,5.17,3.17
43815,0.51,"Ideal","E","SI1",62.4,55,1443,5.14,5.09,3.19
43816,0.51,"Premium","E","SI1",61,58,1443,5.13,5.1,3.12
43817,0.51,"Premium","E","SI1",61.8,58,1443,5.15,5.11,3.17
43818,0.51,"Ideal","E","SI1",62,55,1443,5.14,5.12,3.18
43819,0.51,"Ideal","E","SI1",62.3,56,1443,5.15,5.12,3.2
43820,0.51,"Good","E","SI1",63.9,54,1443,5.09,5.05,3.24
43821,0.51,"Premium","E","SI1",62.8,61,1443,5.07,5.06,3.18
43822,0.51,"Ideal","E","SI1",62.5,56,1443,5.1,5.07,3.18
43823,0.51,"Very Good","E","SI1",63.5,54,1443,5.1,5.07,3.23
43824,0.51,"Good","E","SI1",63.9,56,1443,5.11,5.07,3.25
43825,0.51,"Very Good","E","SI1",63.2,61,1443,5.08,5.05,3.2
43826,0.51,"Premium","E","SI1",58.8,58,1443,5.28,5.23,3.09
43827,0.51,"Premium","E","SI1",60.3,56,1443,5.27,5.17,3.15
43828,0.51,"Very Good","G","VS2",63.5,57,1443,5.06,5.05,3.21
43829,0.51,"Good","F","VS2",63.1,59,1444,5.04,5.1,3.2
43830,0.41,"Ideal","E","VVS1",61.5,56,1444,4.81,4.82,2.96
43831,0.49,"Premium","D","SI1",61.3,57,1444,5.21,5.02,3.14
43832,0.59,"Very Good","I","VS2",61.2,57,1445,5.4,5.42,3.31
43833,0.59,"Very Good","I","VS2",60.3,59,1445,5.41,5.43,3.27
